0, 18.195348, 15.913106, 12.926762, 12.711773, 13.565731, 13.859222, 11.149888
1, 19.449567, 15.705352, 10.290752, 12.517910, 14.274597, 14.490858, 10.015239
2, 16.195671, 11.123234, 9.553680, 8.558846, 8.701155, 8.907250, 8.105850
3, 8.319049, 7.892232, 7.943341, 9.054330, 7.946980, 7.903652, 8.116357
4, 10.575631, 10.105481, 10.470250, 10.110798, 9.813357, 10.283151, 10.681847
5, 14.550579, 13.254886, 9.545768, 9.126617, 12.119808, 12.474462, 9.952793
6, 19.591145, 16.517047, 10.515024, 13.456367, 11.801029, 11.772518, 9.551145
7, 13.642038, 13.246241, 11.234060, 10.721712, 11.946420, 10.816835, 9.087482
8, 22.148762, 19.773184, 13.693484, 14.062840, 15.287060, 16.051335, 9.882332
9, 20.839311, 15.052185, 11.346828, 17.325874, 13.716416, 14.354194, 8.788611
10, 21.583655, 14.564098, 12.536043, 13.264145, 13.892044, 13.689670, 10.810077
11, 19.825872, 16.171153, 14.022067, 12.091804, 15.768313, 15.540794, 8.454581
12, 21.693710, 19.447625, 14.934595, 20.994254, 18.022168, 18.534693, 11.367337
13, 15.970426, 13.080725, 12.379289, 12.002968, 11.657601, 11.921958, 8.892039
14, 21.892683, 13.332358, 13.236992, 13.744093, 12.714187, 12.689131, 9.334263
15, 13.921000, 10.921251, 10.151729, 11.502482, 10.535534, 10.832270, 7.280753
16, 10.465759, 8.751780, 9.445336, 9.712231, 9.145604, 9.084104, 8.233315
17, 12.197764, 10.387147, 9.908206, 9.614294, 9.560770, 9.563453, 9.894773
18, 16.378450, 16.291402, 12.334371, 13.348782, 16.085985, 15.865288, 11.134439
19, 15.376367, 16.150739, 14.435034, 19.503644, 15.942119, 16.381272, 10.554500
20, 12.191326, 10.154693, 8.940514, 9.400873, 8.613633, 8.680001, 8.060857
21, 24.744918, 22.507577, 12.847704, 12.333411, 14.987405, 14.780811, 10.354544
22, 16.075942, 13.227135, 9.904621, 12.859685, 10.940617, 10.114728, 10.535632
23, 16.227403, 14.512505, 13.804028, 13.443475, 13.921855, 13.610927, 11.349749
24, 20.363187, 16.653054, 13.358293, 20.029743, 16.181548, 15.942808, 10.995506
25, 15.435341, 13.645730, 8.546118, 14.000167, 12.712972, 12.257349, 8.452678
26, 12.737775, 10.791469, 9.132640, 13.364631, 9.855863, 10.091401, 8.816603
27, 16.784858, 14.784727, 12.409179, 9.365640, 12.847121, 12.811332, 8.956381
28, 21.682573, 12.988576, 10.812203, 12.604175, 10.538748, 10.204669, 8.061978
29, 17.589859, 9.834579, 8.301298, 9.334955, 8.374926, 8.129252, 9.725192
30, 20.518023, 18.830170, 11.260520, 11.442502, 12.188902, 11.875975, 8.884927
31, 10.240641, 9.578179, 9.175790, 8.621628, 9.384695, 9.507302, 9.739557
32, 21.647012, 12.757275, 12.801276, 11.237317, 12.001530, 11.845231, 11.057494
33, 13.586740, 9.935317, 9.027624, 11.587946, 9.024551, 9.160140, 9.195425
34, 16.598923, 14.763778, 11.281304, 11.627459, 12.149150, 12.390869, 11.472121
35, 27.701333, 16.072976, 9.958460, 9.736009, 10.655305, 11.928558, 10.370950
36, 23.770438, 10.457143, 9.942572, 10.371387, 10.129253, 10.014762, 9.615202
37, 11.491519, 18.910586, 15.000016, 10.364024, 18.485730, 18.806053, 9.649384
38, 17.525350, 15.023152, 14.608606, 13.608008, 14.802990, 15.070880, 10.142769
39, 23.186650, 18.528320, 11.286228, 14.361041, 12.396747, 12.136936, 10.078349
40, 22.420943, 19.127182, 18.619102, 18.757055, 18.419521, 18.659250, 12.851306
41, 15.542091, 13.841771, 12.807708, 15.941551, 13.284319, 13.685631, 11.020179
42, 19.304127, 12.055272, 12.150138, 8.807645, 11.400493, 11.317602, 8.628895
43, 18.146179, 12.983264, 10.538185, 11.281250, 12.775082, 12.578013, 8.696550
44, 17.126323, 14.748504, 12.573549, 14.471947, 13.513072, 14.129648, 11.772719
45, 17.708682, 12.280764, 11.299477, 11.283769, 11.625195, 11.617998, 9.087109
46, 10.572664, 9.660857, 9.681477, 9.997832, 9.592050, 9.553792, 9.990237
47, 11.746128, 11.033403, 10.562276, 11.941333, 10.859132, 11.072975, 9.516539
48, 17.314960, 14.348974, 9.769534, 10.794615, 15.643012, 15.290784, 8.911528
49, 23.868611, 18.620225, 13.201900, 13.576831, 17.582032, 18.054194, 10.105344
50, 18.117870, 19.110438, 15.463520, 13.780752, 18.067426, 17.943788, 11.167216
51, 10.746003, 10.081199, 10.004003, 9.925957, 9.811935, 9.884640, 8.852792
52, 24.465993, 17.560468, 13.277312, 12.665265, 15.601785, 15.652541, 9.567664
53, 19.980008, 15.918481, 12.048083, 14.176996, 13.504359, 13.807136, 10.860750
54, 13.760115, 11.599904, 10.223883, 13.937174, 10.743608, 10.619910, 9.385391
55, 16.865835, 14.786888, 12.781050, 11.226008, 12.015771, 12.134736, 9.665966
56, 18.943023, 15.698518, 11.150227, 10.844900, 15.137818, 15.208318, 8.807562
57, 18.831590, 17.631145, 15.041472, 11.932250, 16.328879, 16.447741, 9.695716
58, 17.776031, 12.180833, 10.964255, 10.717386, 10.961794, 11.186482, 8.335849
59, 11.888881, 10.111794, 8.716277, 8.222568, 9.274287, 9.087527, 8.341838
60, 14.387627, 10.552887, 8.734861, 8.420385, 8.308868, 8.511373, 8.090478
61, 10.726751, 8.938180, 8.352711, 8.767108, 8.657365, 8.514261, 8.999021
62, 12.406964, 11.407897, 10.911036, 11.921648, 10.522619, 10.766639, 9.750423
63, 21.392555, 13.145560, 11.534592, 9.926826, 11.048113, 10.933510, 9.068437
64, 17.286012, 13.460602, 10.255275, 11.505695, 9.741059, 10.590640, 8.886909
65, 28.407971, 19.643283, 12.061468, 17.247306, 18.730823, 17.714770, 13.174524
66, 19.342600, 15.767297, 12.449242, 13.425917, 12.970905, 12.913347, 9.963958
67, 17.235993, 15.297239, 12.377318, 22.260286, 14.757952, 14.678843, 8.887514
68, 12.870272, 8.790933, 8.925123, 7.858747, 8.873470, 8.562354, 8.084113
69, 16.546907, 9.929459, 8.094728, 7.823178, 8.038388, 8.296812, 7.912710
70, 17.135236, 15.052328, 10.016926, 10.449539, 13.478087, 11.030334, 8.626282
71, 15.387602, 14.000518, 9.143597, 9.578644, 9.271185, 9.438382, 9.244104
72, 14.514025, 8.933669, 8.629840, 9.225420, 8.296864, 8.333996, 8.847471
73, 9.192002, 7.907871, 7.664669, 8.057836, 7.796406, 8.013362, 7.095368
74, 12.337033, 10.787240, 9.355088, 9.334471, 8.980885, 8.984690, 7.593993
75, 15.642647, 12.903337, 11.140436, 15.103482, 11.429921, 11.025997, 8.074764
76, 20.888811, 17.614570, 14.538353, 29.264969, 18.015286, 18.079657, 10.050951
77, 18.423470, 17.208741, 12.548041, 13.774599, 15.975727, 16.016076, 10.329435
78, 12.385426, 10.544868, 9.602950, 11.000276, 11.901485, 10.774681, 9.441762
79, 18.873407, 16.118773, 14.756561, 13.834043, 15.633904, 15.800523, 10.274620
80, 9.575867, 9.325118, 9.498109, 9.621800, 9.285128, 9.282164, 9.907482
81, 9.745137, 9.420940, 9.348852, 8.943074, 8.915925, 9.232460, 9.259125
82, 18.533012, 14.328725, 12.140981, 16.913646, 12.646872, 13.174003, 9.766493
83, 21.263199, 18.960893, 10.936724, 12.701358, 14.277798, 13.004519, 10.908362
84, 11.707045, 11.039995, 11.633494, 11.555244, 10.819551, 10.746474, 11.401448
85, 19.123107, 17.087956, 13.290879, 11.726508, 15.737813, 15.671647, 12.269102
86, 18.745680, 13.687335, 12.821378, 13.138656, 13.459865, 13.646070, 10.670790
87, 17.854101, 14.537269, 12.292703, 12.695917, 12.103253, 11.926985, 9.636135
88, 11.434809, 10.028487, 9.586286, 9.365498, 9.996966, 10.366598, 9.033514
89, 19.398255, 16.785309, 11.958251, 10.120857, 11.595517, 11.529751, 8.288266
90, 21.619721, 18.800672, 11.711799, 12.895090, 16.708532, 16.521772, 9.280927
91, 18.652957, 15.924874, 14.420845, 13.500240, 15.456913, 15.080645, 9.563821
92, 11.446995, 9.762802, 8.221892, 8.638546, 8.276949, 8.407113, 8.022048
93, 14.805266, 14.816411, 10.018252, 8.200892, 13.504860, 12.738653, 7.213956
94, 18.706253, 14.956125, 12.528427, 25.379649, 15.473210, 15.140234, 8.320863
95, 10.605095, 9.574829, 9.427407, 9.754265, 9.385380, 9.411846, 9.263527
96, 19.925117, 16.427164, 12.054441, 19.308301, 15.658095, 15.707360, 10.490665
97, 18.481977, 15.567574, 13.862815, 16.768698, 16.687256, 16.822903, 9.952061
98, 20.111108, 16.554937, 15.783641, 13.401211, 14.942217, 15.114079, 8.512934
99, 18.636039, 15.132974, 12.309740, 12.373451, 12.522696, 12.600302, 8.740347
